r: 0.5555555555555556, gamma: -0.33333333333333337 
Converged: 0.6 
