r: 3.8888888888888893, gamma: -0.7777777777777778 
Converged: 1.0 
