r: 1.1111111111111112, gamma: 0.33333333333333326 
Converged: 1.0 
