r: 3.8888888888888893, gamma: 0.33333333333333326 
Converged: 1.0 
