r: 1.6666666666666667, gamma: 0.7777777777777777 
Converged: 1.0 
