r: 2.7777777777777777, gamma: 0.7777777777777777 
Converged: 1.0 
