r: 0.5555555555555556, gamma: -0.5555555555555556 
Converged: 1.0 
