r: 2.2222222222222223, gamma: -0.11111111111111116 
Converged: 1.0 
