r: 2.2222222222222223, gamma: 0.5555555555555554 
Converged: 1.0 
