r: 3.3333333333333335, gamma: -0.11111111111111116 
Converged: 1.0 
