r: 4.444444444444445, gamma: -0.33333333333333337 
Converged: 1.0 
