r: 2.2222222222222223, gamma: 0.7777777777777777 
Converged: 1.0 
