r: 0.5555555555555556, gamma: 0.11111111111111116 
Converged: 1.0 
