r: 1.6666666666666667, gamma: -0.11111111111111116 
Converged: 1.0 
