r: 0.5555555555555556, gamma: -0.7777777777777778 
Converged: 1.0 
