r: 0.5555555555555556, gamma: 0.5555555555555554 
Converged: 0.2 
