r: 3.3333333333333335, gamma: -0.5555555555555556 
Converged: 1.0 
