r: 1.1111111111111112, gamma: 0.7777777777777777 
Converged: 1.0 
