r: 1.1111111111111112, gamma: 0.5555555555555554 
Converged: 1.0 
