r: 4.444444444444445, gamma: -0.5555555555555556 
Converged: 1.0 
