r: 1.6666666666666667, gamma: -0.33333333333333337 
Converged: 1.0 
