r: 2.2222222222222223, gamma: -0.33333333333333337 
Converged: 1.0 
