r: 2.7777777777777777, gamma: 0.11111111111111116 
Converged: 1.0 
