r: 0.5555555555555556, gamma: 0.7777777777777777 
Converged: 1.0 
