r: 2.7777777777777777, gamma: -0.5555555555555556 
Converged: 1.0 
