r: 1.1111111111111112, gamma: -0.11111111111111116 
Converged: 1.0 
