r: 2.7777777777777777, gamma: 0.33333333333333326 
Converged: 1.0 
