r: 3.3333333333333335, gamma: -0.7777777777777778 
Converged: 1.0 
