r: 3.8888888888888893, gamma: -0.5555555555555556 
Converged: 1.0 
