r: 4.444444444444445, gamma: -0.7777777777777778 
Converged: 1.0 
