r: 1.6666666666666667, gamma: -0.5555555555555556 
Converged: 1.0 
