r: 3.3333333333333335, gamma: 0.33333333333333326 
Converged: 1.0 
